06046105000168
02796120000172
04680810000197
26243564000149
08434057000100
21931207000150
17714294000116
21202804000143
03649372000131
15288651000104
08796345000105
25256764000173
05503257000180
19251933000180
41672528000194
86380607000160
24474758000120
19023125000165
10269714000153
11313484000226
11313484000145
22041367000196
41846486000160
06035664000172
02605769000169
19273408000165
21573207000125
26087338000116
07620315000180
03042640000152
18923441000120
07109053000194
05683542000120
21304225000101
09300597000164
17320859000180
66426685000140
08264147000109
12556527000186
16656789000173
08537793000194
03830231000110
04524311000100
25321191000114
13189686000152
14916089000145
21624242000126
03978332000133
66429713000183
10402313000120
10199492000140
20948568000146
71020671000162
42892638000124
18885539000130
09460701000188
15400319000181
09283299000103
21810866000138
23862560000150
22742450000192
04902682000189
04902667000130
02818613000166
03067167000168
20935034000185
26141793000152
26871537000110
20154976000126
66474008000106
05392563000196
03762153000164
20943478000162
20694288000159
14246690000178
11251424000145
24564533000164
10841547001650
10841547001579
10841547001498
24757002000198
07415082002047
07415082002128
07415082000508
05581161000130
26132858000101
25047505000132
27706172000131
14077591000100
10723241000112
25327682000172
21014880000125
04925994000108
28444947000100
20513985000166
24268178000267
64354921000135
24232791000143
20445896000120
23865522000151
20237939000181
27826636000143
02345228000149
17062574000197
19954932000100
26613820000142
16882859000101
21389333000124
10951832000147
18590352000100
19077634000170
04590002000139
11123832000111
15340304000175
20949517000139
27045218000119
21796660000109
26291054000147
17826042000189
23725837000101
23725796000145
66480682000195
07023030000162
18026046000145
19756659000109
42947606000189
03459563000130
19182880000192
09076736000118
16584683000101
14487058000205
14487058000116
27360459000152
24774717000159
07771859000143
25589755000102
10863285000148
10708277000127
16434742000165
38733382000135
10293284000105
06342928000130
18574196000193
10648011000136
17221903000103
26251322000105
25138000000183
17882976000138
26100578000294
02236151000179
10290727000104
18957088000108
14928206000190
19036211000102
10985180000161
04372053000194
17198289000106
11481304000134
15723947000106
13613794000100
02267410000129
02018298000192
01929680000276
01929680000195
09451200000135
20077170000181
14502979000100
01887770000160
09031611000171
18997781000104
15292833000140
09528889000159
28056635000120
08284904000106
05375895000162
10758814000143
01937402000180
07135273000192
07435995000162
03967019000108
11114434000139
07230687000109
17497082000124
22422091000196
27446960000136
22364632000177
19716406000101
11393989000167
15097248000190
07328443000155
41826488000198
38683298000154
04432970000117
12796667000121
03588975000170
86511383000188
11462334000101
64292865000151
01090354000137
18328153010190
18328153000802
09912274000121
04016219000130
00505799000178
10707318000160
23281765000142
03418830000121
02650487000183
02501332000185
14673705000184
08334834000145
08616665000136
16745108000143
22802980000189
05291561000100
12010838000145
09719765000150
24463736000164
12166085000161
19225576000185
09310704000135
08897224000150
65359937000101
11538214000132
02003081000109
23439718000184
38673307000126
26245183000107
13158907000125
09105998000163
23008505000106
08503647000148
21600721000102
16933795000120
18052191000109
21612686000141
11060252000122
10174656000184
11182424000130
26524862000107
14648962000166
07776196000150
08365698000150
03402656000129
09498685000112
01739330000166
18451488000139
11426734000153
25191776000167
02841032000145
11076518000125
14444869000130
05660447000100
19392968000139
11334055000154
03522322000199
01930251000138
07774943000110
71179063000103
07815957000135
20293528000103
12592035000146
12592035000227
00065927000100
10954011000164
19420440000126
19785094000180
00255203000129
21644475000190
26528540000136